0.00000 0.00015 -0.00020 0.00005 -0.00011 0.00016 -0.64185 0.00007 0.00008 -0.92141 -0.00259
0.00731 0.00000 -0.00032 -0.02560 0.00002 0.02484 -0.19563 -0.00002 -0.07018 0.41020 0.00782
-0.00658 -0.00142 -0.00000 -0.00011 -0.00110 -0.24621 -3.00568 0.00052 0.00218 -0.01578 -0.04086
-0.00249 0.00006 -0.00033 0.00000 0.00003 -0.73541 0.03047 0.00002 -0.41298 -0.67219 0.01646
0.01310 -0.01377 0.00005 -0.01008 -0.00000 -0.04708 -1.65547 -0.51924 -0.21410 -0.06506 0.01526
0.00278 0.00041 0.00002 -0.00000 -0.00008 -0.00000 0.25122 0.00003 -0.00000 -0.00238 -0.00001
-0.00000 0.00003 -0.00000 -0.00001 -0.00000 -0.00002 -0.00000 -0.00000 0.00003 0.00039 0.00007
-0.17320 -0.24852 -0.00091 -0.30438 -0.00000 0.03472 -0.93170 0.00000 -0.02400 -0.00781 -0.21416
-0.00210 -0.00001 0.00000 0.00001 0.00003 0.59572 -0.01808 0.00008 0.00000 0.07922 -0.15515
-0.00002 -0.00001 -0.00090 0.00000 0.00012 -0.00375 0.00941 0.00005 -0.00009 0.00000 0.00039
-0.00003 0.00021 0.00033 0.00002 -0.00006 -0.31535 0.08167 -0.00003 -0.00000 -0.03432 0.00000
